$ANSIBLE_VAULT;1.1;AES256
34623634303137393663383962646564646162353534393233633630373038363335343862383061
3134376161643031336561373730643961313539646234640a376565626138343730363563613533
66373765633065663530353231323434333239353963616434333938386339623765323237393437
6662393133623338380a626364366665343738653838333430626265306265643362356331616437
61633637306661303162376563393765336165333532666161623930343236653432353635383164
63313039616462346634383665333561326263353836633434383462636661396563386330323336
38386634343566303966323230383130323930373534666530336163343438336437353331346631
38356564643338393066633034326361633365353665616431326664616465613766613039383866
61373534373866656264303036366338393737396561346665333036616136383331646661346363
38356537346335346138333162646663303736393331343438353461666332363563376663363531
32633137343564663466633330613230303030303537313734336466633133613332303665613936
63613265386333353735363936356139653763663364663232333234623733383866663362323663
33616137376238636538323763396663366530386437363931353962366236613562643936653634
66373665323562633031363837326435663466396234643330636264663463396465343632653238
326232356138616562313864373335656162
